side_b=20.3059886137
side_m=-0.0179589246428
top_b=11.9336384688
top_m=0.0041337541737